100
2650073 1027544 4943658 211272 2475249 4108930 34746829 -1 -1 -1 -1 -1 -1 -1 -1 
4807987 4243042 7237709 3564440 4484492 5438165 8777923 -1 -1 -1 -1 -1 -1 -1 1 -1 -1 
4817709 3378840 6531729 1282327 3542612 4833169 6544303 -1 -1 -1 -1 -1 -1 -1 1 -1 -1 
4899097 3351816 7129560 1570933 4280278 5795335 7493099 -1 -1 -1 -1 -1 -1 -1 1 -1 -1 
4379149 1929267 8236579 723810 3613512 4877633 8580979 -1 -1 -1 -1 -1 -1 -1 1 -1 -1 
1901393 10672 9125485 -1 511967 7819336 0 -1 -1 -1 -1 -1 -1 
6035001 5640194 7186357 616708 5921153 6425228 9894091 -1 -1 -1 -1 -1 -1 -1 1 -1 -1 
4788124 1515668 7702196 60903 2509530 7571490 34746829 -1 -1 -1 -1 -1 -1 -1 -1 
5118024 1540977 8797801 806853 3454666 8728549 34746829 -1 -1 -1 -1 -1 -1 -1 -1 
5260298 4938981 8374933 -1 5028635 5308228 0 -1 -1 -1 -1 -1 -1 
7389814 4001669 7623865 739063 5339425 7554536 34746829 -1 -1 -1 -1 -1 -1 -1 -1 
4546517 1934195 9220094 -1 4075629 8446501 0 -1 -1 -1 -1 -1 -1 
7810404 782188 8194298 -1 6319451 7821123 0 -1 -1 -1 -1 -1 -1 
6731566 2246882 8354438 2053144 4936716 7130337 9406752 -1 -1 -1 -1 -1 -1 -1 1 -1 -1 
4844897 111137 7619358 -1 2955828 6783871 0 -1 -1 -1 -1 -1 -1 
1621609 959745 7722294 477904 982397 6946231 34746829 -1 -1 -1 -1 -1 -1 -1 -1 
4827968 1853635 8266298 -1 3098142 6880399 0 -1 -1 -1 -1 -1 -1 
6441594 4325968 9673557 4119113 5400260 7716395 9688008 -1 -1 -1 -1 -1 -1 -1 1 -1 -1 
3179852 1910962 8471006 285365 2842082 4797942 34746829 -1 -1 -1 -1 -1 -1 -1 -1 
5859901 2633821 7248590 973671 3185695 6824712 34746829 -1 -1 -1 -1 -1 -1 -1 -1 
4555640 1631616 8153057 -1 4314738 7819790 0 -1 -1 -1 -1 -1 -1 
6497972 1437335 9077006 649095 3936098 8975319 34746829 -1 -1 -1 -1 -1 -1 -1 -1 
4586126 1345223 8556760 -1 2112289 4948905 0 -1 -1 -1 -1 -1 -1 
6045813 935238 6476770 -1 3129506 6329094 0 -1 -1 -1 -1 -1 -1 
1915394 1140534 4987844 -1 1725226 4712366 0 -1 -1 -1 -1 -1 -1 
3436550 1808623 8318738 145159 2607844 4559590 34746829 -1 -1 -1 -1 -1 -1 -1 -1 
1307217 597385 9399247 -1 755539 7195272 0 -1 -1 -1 -1 -1 -1 
7140623 1894885 9413496 -1 2028144 8682420 0 -1 -1 -1 -1 -1 -1 
3454679 3046042 8796011 2663534 3161625 5699915 9335735 -1 -1 -1 -1 -1 -1 -1 1 -1 -1 
9575244 7977295 9878818 -1 8087692 9590396 0 -1 -1 -1 -1 -1 -1 
4740033 2122669 9119397 -1 4112991 8489553 0 -1 -1 -1 -1 -1 -1 
7121210 6729662 9533808 4975825 6830211 7273377 34746829 -1 -1 -1 -1 -1 -1 -1 -1 
2737335 1000625 7401868 2776 2062767 4977995 34746829 -1 -1 -1 -1 -1 -1 -1 -1 
8456301 3829874 9468872 1300560 4689331 8540556 34746829 -1 -1 -1 -1 -1 -1 -1 -1 
7113755 4639789 8030193 2851407 5222769 7828015 8918984 -1 -1 -1 -1 -1 -1 -1 1 -1 -1 
4233502 4016855 5586676 2267506 4170963 4303455 9863108 -1 -1 -1 -1 -1 -1 -1 1 -1 -1 
1887638 760808 3602331 -1 1277844 1939997 0 -1 -1 -1 -1 -1 -1 
5645203 796531 7054849 -1 1495731 6198014 0 -1 -1 -1 -1 -1 -1 
5530180 1995223 9244054 687929 3042009 8588260 9636775 -1 -1 -1 -1 -1 -1 -1 1 -1 -1 
4991545 4747317 8134256 -1 4837525 7204200 0 -1 -1 -1 -1 -1 -1 
6541976 4301412 8306648 3337704 5925150 7225550 9960597 -1 -1 -1 -1 -1 -1 -1 1 -1 -1 
3034748 659378 5007065 348381 1482797 4102504 34746829 -1 -1 -1 -1 -1 -1 -1 -1 
2265483 1578553 8725129 1180773 1650447 8264607 8878209 -1 -1 -1 -1 -1 -1 -1 1 -1 -1 
5170053 1205400 6927224 280366 4664305 6755176 7784630 -1 -1 -1 -1 -1 -1 -1 1 -1 -1 
4570285 2193898 7608155 -1 2883016 7495370 0 -1 -1 -1 -1 -1 -1 
7953178 2696576 9658266 -1 7187357 9515557 0 -1 -1 -1 -1 -1 -1 
6983133 5795737 8620591 2227878 6474819 7320614 34746829 -1 -1 -1 -1 -1 -1 -1 -1 
5238588 2976197 7306633 2576031 5048762 5860589 34746829 -1 -1 -1 -1 -1 -1 -1 -1 
3998877 1979358 9777254 -1 2861200 9637304 0 -1 -1 -1 -1 -1 -1 
4014915 2645480 5293947 2207730 3669955 4674546 7837107 -1 -1 -1 -1 -1 -1 -1 1 -1 -1 
2929593 545035 8984926 250114 561113 8774857 9340000 -1 -1 -1 -1 -1 -1 -1 1 -1 -1 
3313729 2721015 8498354 776563 2968418 8342585 9025357 -1 -1 -1 -1 -1 -1 -1 1 -1 -1 
2547747 786643 8860917 -1 1062967 2819419 0 -1 -1 -1 -1 -1 -1 
5205658 2423303 8719103 404473 4711748 7424385 9855395 -1 -1 -1 -1 -1 -1 -1 1 -1 -1 
4285132 739824 9300973 45406 3959603 7673930 34746829 -1 -1 -1 -1 -1 -1 -1 -1 
7603950 1620203 9135231 -1 4488480 8907920 0 -1 -1 -1 -1 -1 -1 
3618676 3423934 7217003 1462533 3481258 5820950 9824520 -1 -1 -1 -1 -1 -1 -1 1 -1 -1 
6174542 3482574 8279879 3252771 5306249 6941832 8433549 -1 -1 -1 -1 -1 -1 -1 1 -1 -1 
3392040 1915879 8669970 -1 2200983 6082723 0 -1 -1 -1 -1 -1 -1 
4185621 2902971 8710299 1687230 3917746 6190318 8753229 -1 -1 -1 -1 -1 -1 -1 1 -1 -1 
6666771 2791560 8668244 1747696 6076958 7850124 8829064 -1 -1 -1 -1 -1 -1 -1 1 -1 -1 
2789551 764503 3869940 318751 1192801 3427205 9315080 -1 -1 -1 -1 -1 -1 -1 1 -1 -1 
3559274 1519025 8659649 783320 3040413 7322012 34746829 -1 -1 -1 -1 -1 -1 -1 -1 
3081550 265324 8854788 -1 1624117 6424008 0 -1 -1 -1 -1 -1 -1 
4835690 438666 8824511 -1 4451257 7262410 0 -1 -1 -1 -1 -1 -1 
6007307 1254352 6490553 151403 2190960 6228742 9809565 -1 -1 -1 -1 -1 -1 -1 1 -1 -1 
3413200 343127 6120171 -1 2192799 5244910 0 -1 -1 -1 -1 -1 -1 
3055348 31625 4619517 -1 334414 4116641 0 -1 -1 -1 -1 -1 -1 
6211373 5739911 7181445 5509239 5972220 7114315 7515974 -1 -1 -1 -1 -1 -1 -1 1 -1 -1 
3641305 2354189 7204356 1382253 2556929 5815166 34746829 -1 -1 -1 -1 -1 -1 -1 -1 
3866116 2901720 9005592 1659860 3645898 5151580 34746829 -1 -1 -1 -1 -1 -1 -1 -1 
5149352 2756891 7716616 1494901 4160811 6026939 8178698 -1 -1 -1 -1 -1 -1 -1 1 -1 -1 
3077045 2303120 7951661 1620240 2331728 6326671 34746829 -1 -1 -1 -1 -1 -1 -1 -1 
4629594 2853711 8535563 207533 3685350 8299453 9769627 -1 -1 -1 -1 -1 -1 -1 1 -1 -1 
5307827 885006 8398795 351516 4919531 7737442 34746829 -1 -1 -1 -1 -1 -1 -1 -1 
6642601 4466924 8034324 967103 6168661 7627097 34746829 -1 -1 -1 -1 -1 -1 -1 -1 
5963216 1043710 8044936 -1 2002281 7517015 0 -1 -1 -1 -1 -1 -1 
2715827 1481169 5882720 297865 1767781 3775973 7270791 -1 -1 -1 -1 -1 -1 -1 1 -1 -1 
6580167 2357125 8616728 -1 2789949 8320384 0 -1 -1 -1 -1 -1 -1 
7260520 2627384 8416046 521576 6341991 7568666 8577467 -1 -1 -1 -1 -1 -1 -1 1 -1 -1 
4685718 2268744 5419518 -1 4428211 5333258 0 -1 -1 -1 -1 -1 -1 
6211825 3449818 8073014 2666825 4658689 6280767 34746829 -1 -1 -1 -1 -1 -1 -1 -1 
5151240 78034 8006727 -1 3958028 7333029 0 -1 -1 -1 -1 -1 -1 
7408396 1486540 9048048 1203083 3090935 7846865 34746829 -1 -1 -1 -1 -1 -1 -1 -1 
7017237 1615252 8070245 1377876 6232675 7553064 34746829 -1 -1 -1 -1 -1 -1 -1 -1 
2463037 24710 7454747 -1 1728192 3470415 0 -1 -1 -1 -1 -1 -1 
7368447 5195164 9241693 2567129 7259579 8949715 34746829 -1 -1 -1 -1 -1 -1 -1 -1 
3553501 2211800 9295525 1110289 2574958 7114033 34746829 -1 -1 -1 -1 -1 -1 -1 -1 
6509543 880846 9521038 -1 2535217 8087670 0 -1 -1 -1 -1 -1 -1 
7428359 4597719 8603321 3536496 4791247 7943788 9385936 -1 -1 -1 -1 -1 -1 -1 1 -1 -1 
7145035 2185684 8383912 -1 4745989 7765235 0 -1 -1 -1 -1 -1 -1 
6422667 2326661 8665976 263734 2972615 6500519 9167045 -1 -1 -1 -1 -1 -1 -1 1 -1 -1 
2936798 1072698 5182819 92639 1271631 3422903 34746829 -1 -1 -1 -1 -1 -1 -1 -1 
7314365 3800679 8207391 3748765 6264924 7904107 9909503 -1 -1 -1 -1 -1 -1 -1 1 -1 -1 
5777106 127450 8530832 51703 3071032 8114454 9932141 -1 -1 -1 -1 -1 -1 -1 1 -1 -1 
2357289 2173465 8084747 942217 2281977 2753900 34746829 -1 -1 -1 -1 -1 -1 -1 -1 
6564048 4182762 9301516 -1 6289879 8459317 0 -1 -1 -1 -1 -1 -1 
6510761 4375752 6605903 2649039 6052708 6561466 7502657 -1 -1 -1 -1 -1 -1 -1 1 -1 -1 
4044557 2006996 5266930 -1 4021494 4426955 0 -1 -1 -1 -1 -1 -1 
3429312 1231427 6802293 142232 2477444 6192221 34746829 -1 -1 -1 -1 -1 -1 -1 -1 
